195
166
165
95
175
117
25
5
90
163
62
64
88
41
21
248
91
7
221
44
48
30
252
86
80
167
26
216
193
11
233
53
161
129
206
213
54
118
152
229
121
38
176
124
19
107
245
251
190
146
202
177
168
61
23
219
199
127
141
74
137
66
180
224
55
126
183
242
196
8
188
243
12
247
47
253
43
198
201
29
135
142
14
158
164
136
210
93
103
113
32
182
37
236
169
230
157
89
170
181
17
128
159
57
96
186
94
78
72
108
112
70
20
98
79
249
120
200
110
105
82
114
106
92
239
104
153
162
65
84
139
228
50
234
208
40
2
155
217
241
33
35
116
34
178
42
97
209
9
134
10
6
75
145
73
83
18
225
39
49
4
179
119
76
254
214
174
222
27
203
85
207
59
149
172
58
244
87
69
227
13
235
24
81
148
156
67
102
187
115
132
125
31
15
0
133
3
173
46
140
111
220
238
147
171
185
255
240
131
68
189
205
184
45
218
123
250
77
144
150
192
56
215
52
226
1
63
143
237
100
151
99
122
51
36
130
194
204
223
154
16
101
160
138
71
191
232
109
60
197
231
211
28
22
212
246
